60.00 229.00
15.00 221.00
62.00 59.00
96.00 120.00
16.00 97.00
41.00 290.00
52.00 206.00
78.00 220.00
29.00 176.00
25.00 138.00
57.00 252.00
63.00 204.00
94.00 130.00
55.00 109.00
98.00 255.00
8.00 294.00
69.00 68.00
76.00 242.00
3.00 202.00
64.00 247.00
31.00 157.00
62.00 293.00
28.00 225.00
65.00 102.00
58.00 183.00
1.00 273.00
36.00 81.00
90.00 63.00
97.00 180.00
41.00 179.00
15.00 223.00
43.00 103.00
91.00 103.00
9.00 219.00
87.00 300.00
96.00 127.00
27.00 210.00
18.00 258.00
94.00 98.00
24.00 225.00
75.00 291.00
47.00 212.00
58.00 226.00
0.00 171.00
46.00 127.00
69.00 152.00
60.00 163.00
87.00 296.00
42.00 170.00
98.00 175.00
26.00 264.00
60.00 157.00
84.00 148.00
17.00 286.00
52.00 232.00
42.00 213.00
23.00 160.00
77.00 263.00
6.00 215.00
68.00 286.00
81.00 213.00
8.00 59.00
5.00 71.00
55.00 116.00
52.00 265.00
92.00 180.00
86.00 101.00
53.00 146.00
59.00 258.00
22.00 236.00
7.00 285.00
56.00 89.00
0.00 212.00
7.00 214.00
57.00 59.00
28.00 240.00
93.00 102.00
80.00 162.00
56.00 112.00
35.00 269.00
2.00 145.00
35.00 104.00
88.00 253.00
54.00 224.00
