77773
61559
62003
44797
11329
24677
31741
77783
37997
89917
71473
41669
78623
90641
54449
94583
51329
89797
75209
85853
26879
7411
62233
67607
577
87539
20747
46061
24043
33049
1699
52757
1409
17257
61723
60919
87697
59879
11251
29683
99259
24379
37493
94819
2999
7451
56333
53891
76163
37889
9013
80849
87589
21269
98963
92893
30241
14321
8461
89681
22721
30809
74797
14657
91283
65677
75367
59797
92861
67783
93047
89021
54949
54293
32707
51977
62791
44867
65129
38671
56503
44741
35879
14281
3079
61861
34019
49823
31771
23669
43331
1789
47969
66041
63629
54751
36607
70913
34843
60919
63781
58129
32371
2833
5441
80491
50777
93047
79757
25349
63103
14387
28081
20327
2693
95267
52289
72337
70297
5779
26261
51839
86509
44971
49333
87491
28631
47147
97159
80953
83621
11867
10601
50893
32257
84913
7069
30059
11471
11369
2129
55339
54133
85549
76081
85667
84731
19013
97021
20759
63361
31189
94477
27367
46477
20507
20071
62053
88493
2
1627
29269
40699
40529
4049
90511
4201
62861
10169
30271
2897
30697
26633
19379
26669
33029
63493
28283
45343
99017
92761
68567
69739
9281
23663
79151
97327
80167
98459
87179
5521
33581
41467
157
42571
15601
48131
79309
37339
52529
51257
22091
19979
31649
11701
9157
53639
22619
22051
50021
25537
30097
63127
22937
9437
2657
72503
823
1237
631
62053
85667
11677
65119
4673
2887
20327
3823
90359
28807
9769
97303
21101
68687
75979
20509
33613
8431
32027
25603
66191
5531
3259
98773
48571
47143
22291
50821
67939
83311
32653
26407
43633
3137
74797
51131
15923
26387
0
0
0
0
0
0
0
0
0
0
0
0
0
0
0
0
0
0
0
0
0
0
0
0
0
0
0
0
0
0
0
0
0
0
0
0
0
0
0
0
0
0
0
0
0
0
0
0
0
0
0
0
0
0
0
0
0
0
0
0
0
0
0
0
0
0
0
0
0
0
0
0
0
0
0
0
0
0
0
0
0
0
0
0
0
0
0
0
0
0
0
0
0
0
0
0
0
0
0
0
0
0
0
0
0
0
0
0
0
0
0
0
0
0
0
0
0
0
0
0
0
0
0
0
0
0
0
0
0
0
0
0
0
0
0
0
0
0
0
0
0
0
0
0
0
0
0
0
0
0
0
0
0
0
0
0
0
0
0
0
0
0
0
0
0
0
0
0
0
0
0
0
0
0
0
0
0
0
0
0
0
0
0
0
0
0
0
0
0
0
0
0
0
0
0
0
0
0
0
0
0
0
0
0
0
0
0
0
0
0
0
0
0
0
0
0
0
0
0
0
0
0
0
0
0
0
0
0
0
0
0
0
0
0
0
0
0
0
0
0
0
0
0
0
0
0
0
0
0
0
0
0
0
0
0
0
0
0
0
0
0
0
0
0
0
0
0
0
0
0
0
0
0
0
0
0
0
0
0
0
0
0
0
0
0
0
0
0
0
0
0
0
0
0
0
0
0
0
0
0
0
0
0
0
0
0
0
0
0
0
0
0
0
0
0
0
0
0
0
0
0
0
0
0
0
0
0
0
0
0
0
0
0
0
0
0
0
0
0
0
0
0
0
0
0
0
0
0
0
0
0
0
0
0
0
0
0
0
0
0
0
0
0
0
0
0
0
0
0
0
0
0
0
0
0
0
0
0
0
0
0
0
0
0
0
0
0
0
0
0
0
0
0
0
0
0
0
0
0
0
0
0
0
0
0
0
0
0
0
0
0
0
0
0
0
0
0
0
0
0
0
0
0
0
0
0
0
0
0
0
0
0
0
0
0
0
0
0
0
0
0
0
0
0
0
0
0
0
0
0
0
0
0
0
0
0
0
0
0
0
0
0
0
0
0
0
0
0
0
0
0
0
0
0
0
0
0
0
0
0
0
0
0
0
0
0
0
0
0
0
0
0
0
0
0
0
0
0
0
0
0
0
0
0
0
0
0
0
0
0
0
0
0
0
0
0
0
0
0
0
0
0
0
0
0
0
0
0
0
0
0
0
0
0
0
0
0
0
0
0
0
0
0
0
0
0
0
0
0
0
0
0
0
0
0
0
0
0
0
0
0
0
0
0
0
0
0
0
0
0
0
0
0
0
0
0
0
0
0
0
0
0
0
0
0
0
0
0
0
0
0
0
0
0
0
0
0
0
0
0
0
0
0
0
0
0
0
0
0
0
0
0
0
0
0
0
0
0
0
0
0
0
0
0
0
0
0
0
0
0
0
0
0
0
0
0
0
0
0
0
0
0
0
0
0
0
0
0
0
0
0
0
0
0
0
0
0
0
0
0
0
0
0
0
0
0
0
0
0
0
0
0
0
0
